197
187
121
162
182
172
140
143
146
175
168
189
159
167
180
143
155
128
119
176
111
178
164
133
129
102
161
130
108
173
145
123
194
169
178
140
140
135
114
101
188
137
177
166
177
137
142
164
199
134
157
198
191
181
104
147
105
138
131
132
177
178
126
176
191
158
116
161
179
151
192
186
104
108
195
127
129
137
100
100
189
102
130
165
116
123
194
178
179
180
133
127
126
193
102
164
103
190
144
126
199
108
146
165
115
104
194
198
117
190
116
196
191
127
135
169
122
199
168
103
165
105
147
155
191
141
183
107
172
102
158
106
159
100
195
182
196
108
143
127
176
128
173
166
129
130
142
100
159
134
143
164
123
143
132
168
149
159
113
154
174
176
174
119
126
157
148
108
137
130
174
146
182
193
118
183
143
118
107
192
184
195
162
165
161
100
168
169
187
176
193
134
103
164
103
151
179
127
136
173
114
198
